1.798999999999999844e+01 1.038000000000000078e+01
2.057000000000000028e+01 1.776999999999999957e+01
1.969000000000000128e+01 2.125000000000000000e+01
1.141999999999999993e+01 2.037999999999999901e+01
2.028999999999999915e+01 1.433999999999999986e+01
1.244999999999999929e+01 1.569999999999999929e+01
1.825000000000000000e+01 1.998000000000000043e+01
1.371000000000000085e+01 2.082999999999999829e+01
1.300000000000000000e+01 2.182000000000000028e+01
1.246000000000000085e+01 2.403999999999999915e+01
1.601999999999999957e+01 2.323999999999999844e+01
1.577999999999999936e+01 1.789000000000000057e+01
1.917000000000000171e+01 2.480000000000000071e+01
1.584999999999999964e+01 2.394999999999999929e+01
1.373000000000000043e+01 2.260999999999999943e+01
1.453999999999999915e+01 2.753999999999999915e+01
1.467999999999999972e+01 2.012999999999999901e+01
1.612999999999999901e+01 2.067999999999999972e+01
1.980999999999999872e+01 2.214999999999999858e+01
1.353999999999999915e+01 1.435999999999999943e+01
1.308000000000000007e+01 1.571000000000000085e+01
9.503999999999999559e+00 1.243999999999999950e+01
1.533999999999999986e+01 1.425999999999999979e+01
2.116000000000000014e+01 2.303999999999999915e+01
1.664999999999999858e+01 2.137999999999999901e+01
1.714000000000000057e+01 1.639999999999999858e+01
1.458000000000000007e+01 2.153000000000000114e+01
1.860999999999999943e+01 2.025000000000000000e+01
1.530000000000000071e+01 2.526999999999999957e+01
1.757000000000000028e+01 1.505000000000000071e+01
1.862999999999999901e+01 2.510999999999999943e+01
1.183999999999999986e+01 1.869999999999999929e+01
1.701999999999999957e+01 2.398000000000000043e+01
1.926999999999999957e+01 2.646999999999999886e+01
1.612999999999999901e+01 1.787999999999999901e+01
1.673999999999999844e+01 2.158999999999999986e+01
1.425000000000000000e+01 2.171999999999999886e+01
1.302999999999999936e+01 1.842000000000000171e+01
1.499000000000000021e+01 2.519999999999999929e+01
1.348000000000000043e+01 2.082000000000000028e+01
1.343999999999999950e+01 2.157999999999999829e+01
1.094999999999999929e+01 2.135000000000000142e+01
1.907000000000000028e+01 2.480999999999999872e+01
1.327999999999999936e+01 2.028000000000000114e+01
1.316999999999999993e+01 2.180999999999999872e+01
1.864999999999999858e+01 1.760000000000000142e+01
8.195999999999999730e+00 1.683999999999999986e+01
1.316999999999999993e+01 1.866000000000000014e+01
1.205000000000000071e+01 1.463000000000000078e+01
1.349000000000000021e+01 2.230000000000000071e+01
1.175999999999999979e+01 2.160000000000000142e+01
1.364000000000000057e+01 1.633999999999999986e+01
1.193999999999999950e+01 1.823999999999999844e+01
1.821999999999999886e+01 1.869999999999999929e+01
1.509999999999999964e+01 2.201999999999999957e+01
1.151999999999999957e+01 1.875000000000000000e+01
1.921000000000000085e+01 1.857000000000000028e+01
1.471000000000000085e+01 2.158999999999999986e+01
1.305000000000000071e+01 1.930999999999999872e+01
8.618000000000000327e+00 1.178999999999999915e+01
1.016999999999999993e+01 1.488000000000000078e+01
8.598000000000000753e+00 2.098000000000000043e+01
1.425000000000000000e+01 2.214999999999999858e+01
9.173000000000000043e+00 1.385999999999999943e+01
1.267999999999999972e+01 2.383999999999999986e+01
1.477999999999999936e+01 2.394000000000000128e+01
9.464999999999999858e+00 2.101000000000000156e+01
1.131000000000000050e+01 1.903999999999999915e+01
9.028999999999999915e+00 1.732999999999999829e+01
1.277999999999999936e+01 1.648999999999999844e+01
1.894000000000000128e+01 2.130999999999999872e+01
8.887999999999999901e+00 1.464000000000000057e+01
1.719999999999999929e+01 2.451999999999999957e+01
1.380000000000000071e+01 1.578999999999999915e+01
1.231000000000000050e+01 1.651999999999999957e+01
1.607000000000000028e+01 1.964999999999999858e+01
1.352999999999999936e+01 1.093999999999999950e+01
1.805000000000000071e+01 1.614999999999999858e+01
2.017999999999999972e+01 2.396999999999999886e+01
1.285999999999999943e+01 1.800000000000000000e+01
1.144999999999999929e+01 2.096999999999999886e+01
1.333999999999999986e+01 1.585999999999999943e+01
2.521999999999999886e+01 2.491000000000000014e+01
1.910000000000000142e+01 2.628999999999999915e+01
1.200000000000000000e+01 1.565000000000000036e+01
1.846000000000000085e+01 1.851999999999999957e+01
1.448000000000000043e+01 2.146000000000000085e+01
1.901999999999999957e+01 2.458999999999999986e+01
1.235999999999999943e+01 2.180000000000000071e+01
1.464000000000000057e+01 1.524000000000000021e+01
1.461999999999999922e+01 2.401999999999999957e+01
1.536999999999999922e+01 2.276000000000000156e+01
1.326999999999999957e+01 1.475999999999999979e+01
1.344999999999999929e+01 1.830000000000000071e+01
1.506000000000000050e+01 1.982999999999999829e+01
2.026000000000000156e+01 2.303000000000000114e+01
1.217999999999999972e+01 1.783999999999999986e+01
9.787000000000000810e+00 1.994000000000000128e+01
1.159999999999999964e+01 1.283999999999999986e+01
1.441999999999999993e+01 1.976999999999999957e+01
1.360999999999999943e+01 2.498000000000000043e+01
6.980999999999999872e+00 1.342999999999999972e+01
1.217999999999999972e+01 2.051999999999999957e+01
9.875999999999999446e+00 1.939999999999999858e+01
1.049000000000000021e+01 1.928999999999999915e+01
1.310999999999999943e+01 1.556000000000000050e+01
1.164000000000000057e+01 1.832999999999999829e+01
1.235999999999999943e+01 1.853999999999999915e+01
2.226999999999999957e+01 1.967000000000000171e+01
1.133999999999999986e+01 2.126000000000000156e+01
9.776999999999999247e+00 1.698999999999999844e+01
1.263000000000000078e+01 2.076000000000000156e+01
1.425999999999999979e+01 1.964999999999999858e+01
1.050999999999999979e+01 2.019000000000000128e+01
8.726000000000000867e+00 1.583000000000000007e+01
1.192999999999999972e+01 2.153000000000000114e+01
8.949999999999999289e+00 1.575999999999999979e+01
1.486999999999999922e+01 1.667000000000000171e+01
1.577999999999999936e+01 2.291000000000000014e+01
1.794999999999999929e+01 2.001000000000000156e+01
1.141000000000000014e+01 1.082000000000000028e+01
1.866000000000000014e+01 1.712000000000000099e+01
2.425000000000000000e+01 2.019999999999999929e+01
1.450000000000000000e+01 1.089000000000000057e+01
1.336999999999999922e+01 1.639000000000000057e+01
1.384999999999999964e+01 1.721000000000000085e+01
1.360999999999999943e+01 2.469000000000000128e+01
1.900000000000000000e+01 1.891000000000000014e+01
1.509999999999999964e+01 1.639000000000000057e+01
1.978999999999999915e+01 2.512000000000000099e+01
1.218999999999999950e+01 1.328999999999999915e+01
1.546000000000000085e+01 1.948000000000000043e+01
1.616000000000000014e+01 2.153999999999999915e+01
1.571000000000000085e+01 1.392999999999999972e+01
1.844999999999999929e+01 2.191000000000000014e+01
1.276999999999999957e+01 2.246999999999999886e+01
1.171000000000000085e+01 1.667000000000000171e+01
1.142999999999999972e+01 1.539000000000000057e+01
1.494999999999999929e+01 1.757000000000000028e+01
1.127999999999999936e+01 1.339000000000000057e+01
9.737999999999999545e+00 1.197000000000000064e+01
1.610999999999999943e+01 1.805000000000000071e+01
1.142999999999999972e+01 1.730999999999999872e+01
1.290000000000000036e+01 1.591999999999999993e+01
1.075000000000000000e+01 1.497000000000000064e+01
1.190000000000000036e+01 1.465000000000000036e+01
1.180000000000000071e+01 1.657999999999999829e+01
1.494999999999999929e+01 1.876999999999999957e+01
1.443999999999999950e+01 1.517999999999999972e+01
1.374000000000000021e+01 1.791000000000000014e+01
1.300000000000000000e+01 2.078000000000000114e+01
8.218999999999999417e+00 2.069999999999999929e+01
9.730999999999999872e+00 1.533999999999999986e+01
1.115000000000000036e+01 1.308000000000000007e+01
1.315000000000000036e+01 1.533999999999999986e+01
1.225000000000000000e+01 1.794000000000000128e+01
1.767999999999999972e+01 2.073999999999999844e+01
1.683999999999999986e+01 1.946000000000000085e+01
1.206000000000000050e+01 1.274000000000000021e+01
1.090000000000000036e+01 1.296000000000000085e+01
1.175000000000000000e+01 2.017999999999999972e+01
1.919000000000000128e+01 1.593999999999999950e+01
1.958999999999999986e+01 1.814999999999999858e+01
1.233999999999999986e+01 2.221999999999999886e+01
2.326999999999999957e+01 2.203999999999999915e+01
1.497000000000000064e+01 1.976000000000000156e+01
1.080000000000000071e+01 9.710000000000000853e+00
1.678000000000000114e+01 1.880000000000000071e+01
1.746999999999999886e+01 2.467999999999999972e+01
1.497000000000000064e+01 1.694999999999999929e+01
1.232000000000000028e+01 1.239000000000000057e+01
1.342999999999999972e+01 1.962999999999999901e+01
1.546000000000000085e+01 1.189000000000000057e+01
1.108000000000000007e+01 1.471000000000000085e+01
1.066000000000000014e+01 1.515000000000000036e+01
8.670999999999999375e+00 1.444999999999999929e+01
9.903999999999999915e+00 1.805999999999999872e+01
1.646000000000000085e+01 2.010999999999999943e+01
1.300999999999999979e+01 2.221999999999999886e+01
1.281000000000000050e+01 1.306000000000000050e+01
2.721999999999999886e+01 2.187000000000000099e+01
2.108999999999999986e+01 2.657000000000000028e+01
1.569999999999999929e+01 2.030999999999999872e+01
1.141000000000000014e+01 1.491999999999999993e+01
1.527999999999999936e+01 2.241000000000000014e+01
1.008000000000000007e+01 1.510999999999999943e+01
1.830999999999999872e+01 1.857999999999999829e+01
1.171000000000000085e+01 1.719000000000000128e+01
1.181000000000000050e+01 1.739000000000000057e+01
1.230000000000000071e+01 1.590000000000000036e+01
1.422000000000000064e+01 2.312000000000000099e+01
1.276999999999999957e+01 2.141000000000000014e+01
9.720000000000000639e+00 1.821999999999999886e+01
1.233999999999999986e+01 2.685999999999999943e+01
1.485999999999999943e+01 2.321000000000000085e+01
1.291000000000000014e+01 1.632999999999999829e+01
1.376999999999999957e+01 2.228999999999999915e+01
1.807999999999999829e+01 2.183999999999999986e+01
1.917999999999999972e+01 2.248999999999999844e+01
1.444999999999999929e+01 2.021999999999999886e+01
1.223000000000000043e+01 1.955999999999999872e+01
1.753999999999999915e+01 1.932000000000000028e+01
2.328999999999999915e+01 2.667000000000000171e+01
1.381000000000000050e+01 2.375000000000000000e+01
1.247000000000000064e+01 1.860000000000000142e+01
1.511999999999999922e+01 1.667999999999999972e+01
9.875999999999999446e+00 1.726999999999999957e+01
1.701000000000000156e+01 2.026000000000000156e+01
1.310999999999999943e+01 2.253999999999999915e+01
1.526999999999999957e+01 1.291000000000000014e+01
2.057999999999999829e+01 2.214000000000000057e+01
1.183999999999999986e+01 1.894000000000000128e+01
2.810999999999999943e+01 1.846999999999999886e+01
1.742000000000000171e+01 2.555999999999999872e+01
1.418999999999999950e+01 2.380999999999999872e+01
1.385999999999999943e+01 1.692999999999999972e+01
1.189000000000000057e+01 1.835000000000000142e+01
1.019999999999999929e+01 1.748000000000000043e+01
1.980000000000000071e+01 2.155999999999999872e+01
1.953000000000000114e+01 3.246999999999999886e+01
1.365000000000000036e+01 1.316000000000000014e+01
1.356000000000000050e+01 1.390000000000000036e+01
1.017999999999999972e+01 1.753000000000000114e+01
1.575000000000000000e+01 2.025000000000000000e+01
1.326999999999999957e+01 1.701999999999999957e+01
1.433999999999999986e+01 1.347000000000000064e+01
1.043999999999999950e+01 1.546000000000000085e+01
1.500000000000000000e+01 1.550999999999999979e+01
1.261999999999999922e+01 2.396999999999999886e+01
1.283000000000000007e+01 2.232999999999999829e+01
1.705000000000000071e+01 1.907999999999999829e+01
1.132000000000000028e+01 2.707999999999999829e+01
1.122000000000000064e+01 3.381000000000000227e+01
2.051000000000000156e+01 2.780999999999999872e+01
9.567000000000000171e+00 1.591000000000000014e+01
1.402999999999999936e+01 2.125000000000000000e+01
2.321000000000000085e+01 2.696999999999999886e+01
2.048000000000000043e+01 2.146000000000000085e+01
1.422000000000000064e+01 2.785000000000000142e+01
1.746000000000000085e+01 3.928000000000000114e+01
1.364000000000000057e+01 1.559999999999999964e+01
1.241999999999999993e+01 1.503999999999999915e+01
1.130000000000000071e+01 1.819000000000000128e+01
1.375000000000000000e+01 2.376999999999999957e+01
1.939999999999999858e+01 2.350000000000000000e+01
1.048000000000000043e+01 1.985999999999999943e+01
1.319999999999999929e+01 1.742999999999999972e+01
1.289000000000000057e+01 1.410999999999999943e+01
1.065000000000000036e+01 2.521999999999999886e+01
1.151999999999999957e+01 1.492999999999999972e+01
2.094000000000000128e+01 2.355999999999999872e+01
1.150000000000000000e+01 1.844999999999999929e+01
1.973000000000000043e+01 1.982000000000000028e+01
1.730000000000000071e+01 1.707999999999999829e+01
1.944999999999999929e+01 1.932999999999999829e+01
1.396000000000000085e+01 1.705000000000000071e+01
1.955000000000000071e+01 2.876999999999999957e+01
1.532000000000000028e+01 1.726999999999999957e+01
1.566000000000000014e+01 2.319999999999999929e+01
1.552999999999999936e+01 3.356000000000000227e+01
2.030999999999999872e+01 2.705999999999999872e+01
1.735000000000000142e+01 2.305999999999999872e+01
1.728999999999999915e+01 2.212999999999999901e+01
1.560999999999999943e+01 1.937999999999999901e+01
1.719000000000000128e+01 2.207000000000000028e+01
2.073000000000000043e+01 3.112000000000000099e+01
1.059999999999999964e+01 1.894999999999999929e+01
1.358999999999999986e+01 2.183999999999999986e+01
1.286999999999999922e+01 1.621000000000000085e+01
1.071000000000000085e+01 2.039000000000000057e+01
1.428999999999999915e+01 1.682000000000000028e+01
1.128999999999999915e+01 1.303999999999999915e+01
2.175000000000000000e+01 2.098999999999999844e+01
9.742000000000000881e+00 1.566999999999999993e+01
1.792999999999999972e+01 2.448000000000000043e+01
1.189000000000000057e+01 1.735999999999999943e+01
1.133000000000000007e+01 1.416000000000000014e+01
1.880999999999999872e+01 1.998000000000000043e+01
1.358999999999999986e+01 1.783999999999999986e+01
1.384999999999999964e+01 1.517999999999999972e+01
1.916000000000000014e+01 2.660000000000000142e+01
1.174000000000000021e+01 1.401999999999999957e+01
1.939999999999999858e+01 1.817999999999999972e+01
1.623999999999999844e+01 1.876999999999999957e+01
1.289000000000000057e+01 1.569999999999999929e+01
1.258000000000000007e+01 1.839999999999999858e+01
1.193999999999999950e+01 2.076000000000000156e+01
1.289000000000000057e+01 1.311999999999999922e+01
1.125999999999999979e+01 1.996000000000000085e+01
1.136999999999999922e+01 1.889000000000000057e+01
1.441000000000000014e+01 1.973000000000000043e+01
1.496000000000000085e+01 1.910000000000000142e+01
1.294999999999999929e+01 1.601999999999999957e+01
1.184999999999999964e+01 1.746000000000000085e+01
1.272000000000000064e+01 1.377999999999999936e+01
1.376999999999999957e+01 1.326999999999999957e+01
1.091000000000000014e+01 1.234999999999999964e+01
1.175999999999999979e+01 1.814000000000000057e+01
1.425999999999999979e+01 1.817000000000000171e+01
1.050999999999999979e+01 2.308999999999999986e+01
1.953000000000000114e+01 1.889999999999999858e+01
1.246000000000000085e+01 1.989000000000000057e+01
2.008999999999999986e+01 2.385999999999999943e+01
1.049000000000000021e+01 1.860999999999999943e+01
1.146000000000000085e+01 1.816000000000000014e+01
1.159999999999999964e+01 2.448999999999999844e+01
1.319999999999999929e+01 1.582000000000000028e+01
9.000000000000000000e+00 1.440000000000000036e+01
1.350000000000000000e+01 1.271000000000000085e+01
1.305000000000000071e+01 1.383999999999999986e+01
1.169999999999999929e+01 1.910999999999999943e+01
1.460999999999999943e+01 1.568999999999999950e+01
1.275999999999999979e+01 1.336999999999999922e+01
1.153999999999999915e+01 1.072000000000000064e+01
8.596999999999999531e+00 1.860000000000000142e+01
1.249000000000000021e+01 1.685000000000000142e+01
1.217999999999999972e+01 1.408000000000000007e+01
1.821999999999999886e+01 1.887000000000000099e+01
9.041999999999999815e+00 1.889999999999999858e+01
1.242999999999999972e+01 1.700000000000000000e+01
1.025000000000000000e+01 1.617999999999999972e+01
2.016000000000000014e+01 1.966000000000000014e+01
1.285999999999999943e+01 1.332000000000000028e+01
2.033999999999999986e+01 2.151000000000000156e+01
1.219999999999999929e+01 1.521000000000000085e+01
1.266999999999999993e+01 1.730000000000000071e+01
1.410999999999999943e+01 1.288000000000000078e+01
1.202999999999999936e+01 1.792999999999999972e+01
1.626999999999999957e+01 2.071000000000000085e+01
1.626000000000000156e+01 2.187999999999999901e+01
1.603000000000000114e+01 1.550999999999999979e+01
1.298000000000000043e+01 1.935000000000000142e+01
1.122000000000000064e+01 1.985999999999999943e+01
1.125000000000000000e+01 1.477999999999999936e+01
1.230000000000000071e+01 1.901999999999999957e+01
1.705999999999999872e+01 2.100000000000000000e+01
1.299000000000000021e+01 1.423000000000000043e+01
1.876999999999999957e+01 2.142999999999999972e+01
1.005000000000000071e+01 1.753000000000000114e+01
2.351000000000000156e+01 2.426999999999999957e+01
1.441999999999999993e+01 1.653999999999999915e+01
9.605999999999999872e+00 1.683999999999999986e+01
1.106000000000000050e+01 1.496000000000000085e+01
1.967999999999999972e+01 2.167999999999999972e+01
1.171000000000000085e+01 1.544999999999999929e+01
1.025999999999999979e+01 1.471000000000000085e+01
1.206000000000000050e+01 1.889999999999999858e+01
1.475999999999999979e+01 1.474000000000000021e+01
1.147000000000000064e+01 1.603000000000000114e+01
1.194999999999999929e+01 1.496000000000000085e+01
1.166000000000000014e+01 1.707000000000000028e+01
1.575000000000000000e+01 1.921999999999999886e+01
2.573000000000000043e+01 1.746000000000000085e+01
1.508000000000000007e+01 2.573999999999999844e+01
1.114000000000000057e+01 1.407000000000000028e+01
1.256000000000000050e+01 1.907000000000000028e+01
1.305000000000000071e+01 1.858999999999999986e+01
1.386999999999999922e+01 1.621000000000000085e+01
8.878000000000000114e+00 1.549000000000000021e+01
9.435999999999999943e+00 1.832000000000000028e+01
1.253999999999999915e+01 1.807000000000000028e+01
1.330000000000000071e+01 2.157000000000000028e+01
1.275999999999999979e+01 1.883999999999999986e+01
1.650000000000000000e+01 1.828999999999999915e+01
1.340000000000000036e+01 1.694999999999999929e+01
2.044000000000000128e+01 2.178000000000000114e+01
2.019999999999999929e+01 2.682999999999999829e+01
1.221000000000000085e+01 1.801999999999999957e+01
2.171000000000000085e+01 1.725000000000000000e+01
2.201000000000000156e+01 2.189999999999999858e+01
1.635000000000000142e+01 2.328999999999999915e+01
1.518999999999999950e+01 1.321000000000000085e+01
2.137000000000000099e+01 1.509999999999999964e+01
2.064000000000000057e+01 1.735000000000000142e+01
1.368999999999999950e+01 1.607000000000000028e+01
1.617000000000000171e+01 1.607000000000000028e+01
1.057000000000000028e+01 2.021999999999999886e+01
1.346000000000000085e+01 2.821000000000000085e+01
1.366000000000000014e+01 1.515000000000000036e+01
1.108000000000000007e+01 1.882999999999999829e+01
1.126999999999999957e+01 1.296000000000000085e+01
1.103999999999999915e+01 1.492999999999999972e+01
1.205000000000000071e+01 2.271999999999999886e+01
1.239000000000000057e+01 1.748000000000000043e+01
1.327999999999999936e+01 1.372000000000000064e+01
1.459999999999999964e+01 2.328999999999999915e+01
1.221000000000000085e+01 1.408999999999999986e+01
1.388000000000000078e+01 1.616000000000000014e+01
1.126999999999999957e+01 1.550000000000000000e+01
1.955000000000000071e+01 2.321000000000000085e+01
1.025999999999999979e+01 1.222000000000000064e+01
8.733999999999999986e+00 1.683999999999999986e+01
1.549000000000000021e+01 1.996999999999999886e+01
2.160999999999999943e+01 2.228000000000000114e+01
1.209999999999999964e+01 1.771999999999999886e+01
1.406000000000000050e+01 1.717999999999999972e+01
1.350999999999999979e+01 1.889000000000000057e+01
1.280000000000000071e+01 1.746000000000000085e+01
1.106000000000000050e+01 1.483000000000000007e+01
1.180000000000000071e+01 1.726000000000000156e+01
1.791000000000000014e+01 2.101999999999999957e+01
1.192999999999999972e+01 1.091000000000000014e+01
1.296000000000000085e+01 1.828999999999999915e+01
1.293999999999999950e+01 1.617000000000000171e+01
1.233999999999999986e+01 1.494999999999999929e+01
1.093999999999999950e+01 1.858999999999999986e+01
1.614000000000000057e+01 1.485999999999999943e+01
1.284999999999999964e+01 2.137000000000000099e+01
1.798999999999999844e+01 2.066000000000000014e+01
1.226999999999999957e+01 1.792000000000000171e+01
1.135999999999999943e+01 1.757000000000000028e+01
1.103999999999999915e+01 1.682999999999999829e+01
9.397000000000000242e+00 2.167999999999999972e+01
1.499000000000000021e+01 2.210999999999999943e+01
1.513000000000000078e+01 2.980999999999999872e+01
1.189000000000000057e+01 2.117000000000000171e+01
9.404999999999999361e+00 2.169999999999999929e+01
1.550000000000000000e+01 2.107999999999999829e+01
1.269999999999999929e+01 1.216999999999999993e+01
1.116000000000000014e+01 2.141000000000000014e+01
1.157000000000000028e+01 1.903999999999999915e+01
1.468999999999999950e+01 1.398000000000000043e+01
1.160999999999999943e+01 1.601999999999999957e+01
1.366000000000000014e+01 1.912999999999999901e+01
9.742000000000000881e+00 1.912000000000000099e+01
1.002999999999999936e+01 2.128000000000000114e+01
1.048000000000000043e+01 1.498000000000000043e+01
1.080000000000000071e+01 2.198000000000000043e+01
1.113000000000000078e+01 1.662000000000000099e+01
1.272000000000000064e+01 1.767000000000000171e+01
1.490000000000000036e+01 2.253000000000000114e+01
1.240000000000000036e+01 1.767999999999999972e+01
2.017999999999999972e+01 1.953999999999999915e+01
1.882000000000000028e+01 2.196999999999999886e+01
1.485999999999999943e+01 1.694000000000000128e+01
1.398000000000000043e+01 1.962000000000000099e+01
1.286999999999999922e+01 1.953999999999999915e+01
1.403999999999999915e+01 1.598000000000000043e+01
1.384999999999999964e+01 1.960000000000000142e+01
1.401999999999999957e+01 1.566000000000000014e+01
1.097000000000000064e+01 1.719999999999999929e+01
1.726999999999999957e+01 2.542000000000000171e+01
1.377999999999999936e+01 1.578999999999999915e+01
1.057000000000000028e+01 1.832000000000000028e+01
1.803000000000000114e+01 1.685000000000000142e+01
1.199000000000000021e+01 2.489000000000000057e+01
1.775000000000000000e+01 2.803000000000000114e+01
1.480000000000000071e+01 1.766000000000000014e+01
1.452999999999999936e+01 1.933999999999999986e+01
2.110000000000000142e+01 2.051999999999999957e+01
1.186999999999999922e+01 2.153999999999999915e+01
1.958999999999999986e+01 2.500000000000000000e+01
1.200000000000000000e+01 2.823000000000000043e+01
1.452999999999999936e+01 1.398000000000000043e+01
1.261999999999999922e+01 1.714999999999999858e+01
1.338000000000000078e+01 3.071999999999999886e+01
1.163000000000000078e+01 2.928999999999999915e+01
1.321000000000000085e+01 2.525000000000000000e+01
1.300000000000000000e+01 2.512999999999999901e+01
9.755000000000000782e+00 2.819999999999999929e+01
1.707999999999999829e+01 2.714999999999999858e+01
2.742000000000000171e+01 2.626999999999999957e+01
1.440000000000000036e+01 2.698999999999999844e+01
1.159999999999999964e+01 1.835999999999999943e+01
1.316999999999999993e+01 1.821999999999999886e+01
1.324000000000000021e+01 2.012999999999999901e+01
1.314000000000000057e+01 2.073999999999999844e+01
9.667999999999999261e+00 1.810000000000000142e+01
1.760000000000000142e+01 2.332999999999999829e+01
1.161999999999999922e+01 1.817999999999999972e+01
9.666999999999999815e+00 1.848999999999999844e+01
1.203999999999999915e+01 2.814000000000000057e+01
1.491999999999999993e+01 1.492999999999999972e+01
1.226999999999999957e+01 2.996999999999999886e+01
1.088000000000000078e+01 1.561999999999999922e+01
1.283000000000000007e+01 1.573000000000000043e+01
1.419999999999999929e+01 2.053000000000000114e+01
1.390000000000000036e+01 1.662000000000000099e+01
1.149000000000000021e+01 1.458999999999999986e+01
1.625000000000000000e+01 1.951000000000000156e+01
1.216000000000000014e+01 1.803000000000000114e+01
1.390000000000000036e+01 1.923999999999999844e+01
1.347000000000000064e+01 1.406000000000000050e+01
1.369999999999999929e+01 1.764000000000000057e+01
1.573000000000000043e+01 1.127999999999999936e+01
1.244999999999999929e+01 1.641000000000000014e+01
1.464000000000000057e+01 1.685000000000000142e+01
1.944000000000000128e+01 1.882000000000000028e+01
1.167999999999999972e+01 1.617000000000000171e+01
1.669000000000000128e+01 2.019999999999999929e+01
1.225000000000000000e+01 2.244000000000000128e+01
1.785000000000000142e+01 1.323000000000000043e+01
1.801000000000000156e+01 2.055999999999999872e+01
1.246000000000000085e+01 1.283000000000000007e+01
1.316000000000000014e+01 2.053999999999999915e+01
1.486999999999999922e+01 2.021000000000000085e+01
1.265000000000000036e+01 1.817000000000000171e+01
1.247000000000000064e+01 1.730999999999999872e+01
1.848999999999999844e+01 1.751999999999999957e+01
2.058999999999999986e+01 2.123999999999999844e+01
1.503999999999999915e+01 1.673999999999999844e+01
1.382000000000000028e+01 2.448999999999999844e+01
1.253999999999999915e+01 1.632000000000000028e+01
2.308999999999999986e+01 1.982999999999999829e+01
9.268000000000000682e+00 1.286999999999999922e+01
9.676000000000000156e+00 1.314000000000000057e+01
1.222000000000000064e+01 2.003999999999999915e+01
1.106000000000000050e+01 1.712000000000000099e+01
1.630000000000000071e+01 1.569999999999999929e+01
1.546000000000000085e+01 2.394999999999999929e+01
1.174000000000000021e+01 1.468999999999999950e+01
1.481000000000000050e+01 1.469999999999999929e+01
1.340000000000000036e+01 2.051999999999999957e+01
1.458000000000000007e+01 1.366000000000000014e+01
1.505000000000000071e+01 1.907000000000000028e+01
1.133999999999999986e+01 1.860999999999999943e+01
1.830999999999999872e+01 2.057999999999999829e+01
1.989000000000000057e+01 2.026000000000000156e+01
1.288000000000000078e+01 1.821999999999999886e+01
1.275000000000000000e+01 1.669999999999999929e+01
9.294999999999999929e+00 1.390000000000000036e+01
2.462999999999999901e+01 2.160000000000000142e+01
1.125999999999999979e+01 1.982999999999999829e+01
1.371000000000000085e+01 1.867999999999999972e+01
9.846999999999999531e+00 1.567999999999999972e+01
8.570999999999999730e+00 1.309999999999999964e+01
1.346000000000000085e+01 1.875000000000000000e+01
1.233999999999999986e+01 1.226999999999999957e+01
1.393999999999999950e+01 1.316999999999999993e+01
1.207000000000000028e+01 1.343999999999999950e+01
1.175000000000000000e+01 1.755999999999999872e+01
1.166999999999999993e+01 2.001999999999999957e+01
1.367999999999999972e+01 1.632999999999999829e+01
2.046999999999999886e+01 2.067000000000000171e+01
1.096000000000000085e+01 1.762000000000000099e+01
2.055000000000000071e+01 2.085999999999999943e+01
1.426999999999999957e+01 2.255000000000000071e+01
1.168999999999999950e+01 2.444000000000000128e+01
7.729000000000000092e+00 2.548999999999999844e+01
7.690999999999999837e+00 2.544000000000000128e+01
1.153999999999999915e+01 1.443999999999999950e+01
1.447000000000000064e+01 2.498999999999999844e+01
1.474000000000000021e+01 2.542000000000000171e+01
1.321000000000000085e+01 2.805999999999999872e+01
1.386999999999999922e+01 2.069999999999999929e+01
1.361999999999999922e+01 2.323000000000000043e+01
1.032000000000000028e+01 1.635000000000000142e+01
1.025999999999999979e+01 1.657999999999999829e+01
9.682999999999999829e+00 1.933999999999999986e+01
1.082000000000000028e+01 2.421000000000000085e+01
1.085999999999999943e+01 2.148000000000000043e+01
1.113000000000000078e+01 2.244000000000000128e+01
1.276999999999999957e+01 2.942999999999999972e+01
9.333000000000000185e+00 2.194000000000000128e+01
1.288000000000000078e+01 2.892000000000000171e+01
1.028999999999999915e+01 2.760999999999999943e+01
1.016000000000000014e+01 1.958999999999999986e+01
9.423000000000000043e+00 2.787999999999999901e+01
1.458999999999999986e+01 2.267999999999999972e+01
1.150999999999999979e+01 2.392999999999999972e+01
1.405000000000000071e+01 2.714999999999999858e+01
1.119999999999999929e+01 2.937000000000000099e+01
1.522000000000000064e+01 3.062000000000000099e+01
2.092000000000000171e+01 2.508999999999999986e+01
2.155999999999999872e+01 2.239000000000000057e+01
2.012999999999999901e+01 2.825000000000000000e+01
1.660000000000000142e+01 2.807999999999999829e+01
2.060000000000000142e+01 2.932999999999999829e+01
7.759999999999999787e+00 2.453999999999999915e+01
