17.990000 10.380000 0.241900
20.570000 17.770000 0.181200
19.690000 21.250000 0.206900
11.420000 20.380000 0.259700
20.290000 14.340000 0.180900
12.450000 15.700000 0.208700
18.250000 19.980000 0.179400
13.710000 20.830000 0.219600
13.000000 21.820000 0.235000
12.460000 24.040000 0.203000
16.020000 23.240000 0.152800
15.780000 17.890000 0.184200
19.170000 24.800000 0.239700
15.850000 23.950000 0.184700
13.730000 22.610000 0.206900
14.540000 27.540000 0.230300
14.680000 20.130000 0.158600
16.130000 20.680000 0.216400
19.810000 22.150000 0.158200
13.540000 14.360000 0.188500
13.080000 15.710000 0.196700
9.504000 12.440000 0.181500
15.340000 14.260000 0.252100
21.160000 23.040000 0.176900
16.650000 21.380000 0.199500
17.140000 16.400000 0.304000
14.580000 21.530000 0.225200
18.610000 20.250000 0.169700
15.300000 25.270000 0.192600
17.570000 15.050000 0.173900
18.630000 25.110000 0.218300
11.840000 18.700000 0.230100
17.020000 23.980000 0.224800
19.270000 26.470000 0.185300
16.130000 17.880000 0.199800
16.740000 21.590000 0.189600
14.250000 21.720000 0.188500
13.030000 18.420000 0.146700
14.990000 25.200000 0.156500
13.480000 20.820000 0.172000
13.440000 21.580000 0.178400
10.950000 21.350000 0.189500
19.070000 24.810000 0.231000
13.280000 20.280000 0.197400
13.170000 21.810000 0.174600
18.650000 17.600000 0.190700
8.196000 16.840000 0.176900
13.170000 18.660000 0.212800
12.050000 14.630000 0.167500
13.490000 22.300000 0.180900
11.760000 21.600000 0.149500
13.640000 16.340000 0.135300
11.940000 18.240000 0.186800
18.220000 18.700000 0.209200
15.100000 22.020000 0.161600
11.520000 18.750000 0.192000
19.210000 18.570000 0.191700
14.710000 21.590000 0.202700
13.050000 19.310000 0.181900
8.618000 11.790000 0.168300
10.170000 14.880000 0.274300
8.598000 20.980000 0.182800
14.250000 22.150000 0.194900
9.173000 13.860000 0.234100
12.680000 23.840000 0.190500
14.780000 23.940000 0.195300
9.465000 21.010000 0.171700
11.310000 19.040000 0.151600
9.029000 17.330000 0.211100
12.780000 16.490000 0.159000
18.940000 21.310000 0.158200
8.888000 14.640000 0.190200
17.200000 24.520000 0.192700
13.800000 15.790000 0.166200
12.310000 16.520000 0.172000
16.070000 19.650000 0.179800
13.530000 10.940000 0.240300
18.050000 16.150000 0.215200
20.180000 23.970000 0.290600
12.860000 18.000000 0.171800
11.450000 20.970000 0.184200
13.340000 15.860000 0.194200
25.220000 24.910000 0.182900
19.100000 26.290000 0.163400
12.000000 15.650000 0.207900
18.460000 18.520000 0.213200
14.480000 21.460000 0.207500
19.020000 24.590000 0.195300
12.360000 21.800000 0.193000
14.640000 15.240000 0.211600
14.620000 24.020000 0.168500
15.370000 22.760000 0.171700
13.270000 14.760000 0.138600
13.450000 18.300000 0.163800
15.060000 19.830000 0.185500
20.260000 23.030000 0.209500
12.180000 17.840000 0.190000
9.787000 19.940000 0.135000
11.600000 12.840000 0.162000
14.420000 19.770000 0.187900
13.610000 24.980000 0.160900
6.981000 13.430000 0.193000
12.180000 20.520000 0.173900
9.876000 19.400000 0.194500
10.490000 19.290000 0.221700
13.110000 15.560000 0.192500
11.640000 18.330000 0.180100
12.360000 18.540000 0.160200
22.270000 19.670000 0.255600
11.340000 21.260000 0.148700
9.777000 16.990000 0.158400
12.630000 20.760000 0.173500
14.260000 19.650000 0.170400
10.510000 20.190000 0.192200
8.726000 15.830000 0.164900
11.930000 21.530000 0.168800
8.950000 15.760000 0.130500
14.870000 16.670000 0.215700
15.780000 22.910000 0.209600
17.950000 20.010000 0.212900
11.410000 10.820000 0.166700
18.660000 17.120000 0.196600
24.250000 20.200000 0.265500
14.500000 10.890000 0.185600
13.370000 16.390000 0.142200
13.850000 17.210000 0.161400
13.610000 24.690000 0.176100
19.000000 18.910000 0.194600
15.100000 16.390000 0.200100
19.790000 25.120000 0.220200
12.190000 13.290000 0.188000
15.460000 19.480000 0.193100
16.160000 21.540000 0.216000
15.710000 13.930000 0.181600
18.450000 21.910000 0.169200
12.770000 22.470000 0.158500
11.710000 16.670000 0.133900
11.430000 15.390000 0.173400
14.950000 17.570000 0.195700
11.280000 13.390000 0.177100
9.738000 11.970000 0.190300
16.110000 18.050000 0.186100
11.430000 17.310000 0.164500
12.900000 15.920000 0.177800
10.750000 14.970000 0.139900
11.900000 14.650000 0.199500
11.800000 16.580000 0.267800
14.950000 18.770000 0.174400
14.440000 15.180000 0.172400
13.740000 17.910000 0.147300
13.000000 20.780000 0.254000
8.219000 20.700000 0.222200
9.731000 15.340000 0.254800
11.150000 13.080000 0.183000
13.150000 15.340000 0.182200
12.250000 17.940000 0.197000
17.680000 20.740000 0.197100
16.840000 19.460000 0.184400
12.060000 12.740000 0.159000
10.900000 12.960000 0.144200
11.750000 20.180000 0.199300
19.190000 15.940000 0.174100
19.590000 18.150000 0.202700
12.340000 22.220000 0.155100
23.270000 22.040000 0.180100
14.970000 19.760000 0.151500
10.800000 9.710000 0.138100
16.780000 18.800000 0.189300
17.470000 24.680000 0.153800
14.970000 16.950000 0.178000
12.320000 12.390000 0.195900
13.430000 19.630000 0.159800
15.460000 11.890000 0.196600
11.080000 14.710000 0.156600
10.660000 15.150000 0.192800
8.671000 14.450000 0.172200
9.904000 18.060000 0.166900
16.460000 20.110000 0.179400
13.010000 22.220000 0.139500
12.810000 13.060000 0.146600
27.220000 21.870000 0.180000
21.090000 26.570000 0.239500
15.700000 20.310000 0.161800
11.410000 14.920000 0.116700
15.280000 22.410000 0.172700
10.080000 15.110000 0.170300
18.310000 18.580000 0.162100
11.710000 17.190000 0.151600
11.810000 17.390000 0.171800
12.300000 15.900000 0.166700
14.220000 23.120000 0.238400
12.770000 21.410000 0.169400
9.720000 18.220000 0.165300
12.340000 26.860000 0.194300
14.860000 23.210000 0.173700
12.910000 16.330000 0.182900
13.770000 22.290000 0.183400
18.080000 21.840000 0.177000
19.180000 22.490000 0.176700
14.450000 20.220000 0.195000
12.230000 19.560000 0.197900
17.540000 19.320000 0.150600
23.290000 26.670000 0.220000
13.810000 23.750000 0.225100
12.470000 18.600000 0.192500
15.120000 16.680000 0.159400
9.876000 17.270000 0.193400
17.010000 20.260000 0.202600
13.110000 22.540000 0.185000
15.270000 12.910000 0.135900
20.580000 22.140000 0.176500
11.840000 18.940000 0.153300
28.110000 18.470000 0.164800
17.420000 25.560000 0.130800
14.190000 23.810000 0.223500
13.860000 16.930000 0.210600
11.890000 18.350000 0.196700
10.200000 17.480000 0.196400
19.800000 21.560000 0.209400
19.530000 32.470000 0.142800
13.650000 13.160000 0.136000
13.560000 13.900000 0.196200
10.180000 17.530000 0.191000
15.750000 20.250000 0.193500
13.270000 17.020000 0.149600
14.340000 13.470000 0.207500
10.440000 15.460000 0.178800
15.000000 15.510000 0.188100
12.620000 23.970000 0.151400
12.830000 22.330000 0.212300
17.050000 19.080000 0.213100
11.320000 27.080000 0.186900
11.220000 33.810000 0.184500
20.510000 27.810000 0.144800
9.567000 15.910000 0.155100
14.030000 21.250000 0.151700
23.210000 26.970000 0.190900
20.480000 21.460000 0.146700
14.220000 27.850000 0.134200
17.460000 39.280000 0.180900
13.640000 15.600000 0.171700
12.420000 15.040000 0.154600
11.300000 18.190000 0.205400
13.750000 23.770000 0.177300
19.400000 23.500000 0.197800
10.480000 19.860000 0.173700
13.200000 17.430000 0.148700
12.890000 14.110000 0.159600
10.650000 25.220000 0.189700
11.520000 14.930000 0.188300
20.940000 23.560000 0.220500
11.500000 18.450000 0.183400
19.730000 19.820000 0.173300
17.300000 17.080000 0.181300
19.450000 19.330000 0.177600
13.960000 17.050000 0.190800
19.550000 28.770000 0.189300
15.320000 17.270000 0.239800
15.660000 23.200000 0.249500
15.530000 33.560000 0.209100
20.310000 27.060000 0.181400
17.350000 23.060000 0.156400
17.290000 22.130000 0.210800
15.610000 19.380000 0.154700
17.190000 22.070000 0.186700
20.730000 31.120000 0.176900
10.600000 18.950000 0.192200
13.590000 21.840000 0.163500
12.870000 16.210000 0.201000
10.710000 20.390000 0.166800
14.290000 16.820000 0.150800
11.290000 13.040000 0.176900
21.750000 20.990000 0.172100
9.742000 15.670000 0.208100
17.930000 24.480000 0.153800
11.890000 17.360000 0.201500
11.330000 14.160000 0.195400
18.810000 19.980000 0.155000
13.590000 17.840000 0.157300
13.850000 15.180000 0.211000
19.160000 26.600000 0.190200
11.740000 14.020000 0.210100
19.400000 18.180000 0.189300
16.240000 18.770000 0.187600
12.890000 15.700000 0.143200
12.580000 18.400000 0.169700
11.940000 20.760000 0.158800
12.890000 13.120000 0.133700
11.260000 19.960000 0.259500
11.370000 18.890000 0.201300
14.410000 19.730000 0.171400
14.960000 19.100000 0.187900
12.950000 16.020000 0.173000
11.850000 17.460000 0.187500
12.720000 13.780000 0.163800
13.770000 13.270000 0.159200
10.910000 12.350000 0.144900
11.760000 18.140000 0.161900
14.260000 18.170000 0.163500
10.510000 23.090000 0.169500
19.530000 18.900000 0.179200
12.460000 19.890000 0.178100
20.090000 23.860000 0.224900
10.490000 18.610000 0.148200
11.460000 18.160000 0.141100
11.600000 24.490000 0.193500
13.200000 15.820000 0.163200
9.000000 14.400000 0.178800
13.500000 12.710000 0.136500
13.050000 13.840000 0.145300
11.700000 19.110000 0.193600
14.610000 15.690000 0.163200
12.760000 13.370000 0.160100
11.540000 10.720000 0.183300
8.597000 18.600000 0.216300
12.490000 16.850000 0.121500
12.180000 14.080000 0.167300
18.220000 18.870000 0.180700
9.042000 18.900000 0.233000
12.430000 17.000000 0.147200
10.250000 16.180000 0.174300
20.160000 19.660000 0.192800
12.860000 13.320000 0.154300
20.340000 21.510000 0.256900
12.200000 15.210000 0.163800
12.670000 17.300000 0.170700
14.110000 12.880000 0.137300
12.030000 17.930000 0.138200
16.270000 20.710000 0.194800
16.260000 21.880000 0.186900
16.030000 15.510000 0.178200
12.980000 19.350000 0.176100
11.220000 19.860000 0.194000
11.250000 14.780000 0.177300
12.300000 19.020000 0.153900
17.060000 21.000000 0.172700
12.990000 14.230000 0.165200
18.770000 21.430000 0.195300
10.050000 17.530000 0.189000
23.510000 24.270000 0.179700
14.420000 16.540000 0.191200
9.606000 16.840000 0.203600
11.060000 14.960000 0.177600
19.680000 21.680000 0.208200
11.710000 15.450000 0.200900
10.260000 14.710000 0.163300
12.060000 18.900000 0.155500
14.760000 14.740000 0.152100
11.470000 16.030000 0.163400
11.950000 14.960000 0.245900
11.660000 17.070000 0.167100
15.750000 19.220000 0.237500
25.730000 17.460000 0.195600
15.080000 25.740000 0.164700
11.140000 14.070000 0.169000
12.560000 19.070000 0.153300
13.050000 18.590000 0.203500
13.870000 16.210000 0.142400
8.878000 15.490000 0.193000
9.436000 18.320000 0.150600
12.540000 18.070000 0.152800
13.300000 21.570000 0.181500
12.760000 18.840000 0.175900
16.500000 18.290000 0.149500
13.400000 16.950000 0.165000
20.440000 21.780000 0.161800
20.200000 26.830000 0.187500
12.210000 18.020000 0.169500
21.710000 17.250000 0.171700
22.010000 21.900000 0.182400
16.350000 23.290000 0.217500
15.190000 13.210000 0.172100
21.370000 15.100000 0.197300
20.640000 17.350000 0.157100
13.690000 16.070000 0.187200
16.170000 16.070000 0.199000
10.570000 20.220000 0.218800
13.460000 28.210000 0.142100
13.660000 15.150000 0.179200
11.080000 18.830000 0.219600
11.270000 12.960000 0.201800
11.040000 14.930000 0.200300
12.050000 22.720000 0.120300
12.390000 17.480000 0.177900
13.280000 13.720000 0.161700
14.600000 23.290000 0.162700
12.210000 14.090000 0.164600
13.880000 16.160000 0.160700
11.270000 15.500000 0.181000
19.550000 23.210000 0.198900
10.260000 12.220000 0.180000
8.734000 16.840000 0.198500
15.490000 19.970000 0.192900
21.610000 22.280000 0.216200
12.100000 17.720000 0.193700
14.060000 17.180000 0.164100
13.510000 18.890000 0.180600
12.800000 17.460000 0.157400
11.060000 14.830000 0.153500
11.800000 17.260000 0.184700
17.910000 21.020000 0.211300
11.930000 10.910000 0.160100
12.960000 18.290000 0.187400
12.940000 16.170000 0.173500
12.340000 14.950000 0.157100
10.940000 18.590000 0.148600
16.140000 14.860000 0.173500
12.850000 21.370000 0.158000
17.990000 20.660000 0.199200
12.270000 17.920000 0.196600
11.360000 17.570000 0.160100
11.040000 16.830000 0.171400
9.397000 21.680000 0.127400
14.990000 22.110000 0.194400
15.130000 29.810000 0.185200
11.890000 21.170000 0.201900
9.405000 21.700000 0.202500
15.500000 21.080000 0.208500
12.700000 12.170000 0.158300
11.160000 21.410000 0.161500
11.570000 19.040000 0.203100
14.690000 13.980000 0.208600
11.610000 16.020000 0.188600
13.660000 19.130000 0.184800
9.742000 19.120000 0.253800
10.030000 21.280000 0.163000
10.480000 14.980000 0.192500
10.800000 21.980000 0.201600
11.130000 16.620000 0.151100
12.720000 17.670000 0.145900
14.900000 22.530000 0.204100
12.400000 17.680000 0.181100
20.180000 19.540000 0.172400
18.820000 21.970000 0.194300
14.860000 16.940000 0.157300
13.980000 19.620000 0.166900
12.870000 19.540000 0.186100
14.040000 15.980000 0.171400
13.850000 19.600000 0.155500
14.020000 15.660000 0.158900
10.970000 17.200000 0.148900
17.270000 25.420000 0.146700
13.780000 15.790000 0.140500
10.570000 18.320000 0.237200
18.030000 16.850000 0.172000
11.990000 24.890000 0.182000
17.750000 28.030000 0.171300
14.800000 17.660000 0.189300
14.530000 19.340000 0.147300
21.100000 20.520000 0.155400
11.870000 21.540000 0.134900
19.590000 25.000000 0.166300
12.000000 28.230000 0.161500
14.530000 13.980000 0.165000
12.620000 17.150000 0.179900
13.380000 30.720000 0.137500
11.630000 29.290000 0.179900
13.210000 25.250000 0.161900
13.000000 25.130000 0.166700
9.755000 28.200000 0.162100
17.080000 27.150000 0.179300
27.420000 26.270000 0.206100
14.400000 26.990000 0.170700
11.600000 18.360000 0.151600
13.170000 18.220000 0.145400
13.240000 20.130000 0.160100
13.140000 20.740000 0.156200
9.668000 18.100000 0.168000
17.600000 23.330000 0.169600
11.620000 18.180000 0.195700
9.667000 18.490000 0.223800
12.040000 28.140000 0.185400
14.920000 14.930000 0.168700
12.270000 29.970000 0.170100
10.880000 15.620000 0.186100
12.830000 15.730000 0.170500
14.200000 20.530000 0.150600
13.900000 16.620000 0.181300
11.490000 14.590000 0.177900
16.250000 19.510000 0.215100
12.160000 18.030000 0.146400
13.900000 19.240000 0.157900
13.470000 14.060000 0.177900
13.700000 17.640000 0.173200
15.730000 11.280000 0.178400
12.450000 16.410000 0.208200
14.640000 16.850000 0.140900
19.440000 18.820000 0.182300
11.680000 16.170000 0.185300
16.690000 20.200000 0.184600
12.250000 22.440000 0.154400
17.850000 13.230000 0.122000
18.010000 20.560000 0.211600
12.460000 12.830000 0.161300
13.160000 20.540000 0.171300
14.870000 20.210000 0.148700
12.650000 18.170000 0.164100
12.470000 17.310000 0.152600
18.490000 17.520000 0.183200
20.590000 21.240000 0.184800
15.040000 16.740000 0.166800
13.820000 24.490000 0.227500
12.540000 16.320000 0.194300
23.090000 19.830000 0.150500
9.268000 12.870000 0.237800
9.676000 13.140000 0.205700
12.220000 20.040000 0.212400
11.060000 17.120000 0.195400
16.300000 15.700000 0.171100
15.460000 23.950000 0.180700
11.740000 14.690000 0.149900
14.810000 14.700000 0.165900
13.400000 20.520000 0.211600
14.580000 13.660000 0.173900
15.050000 19.070000 0.156100
11.340000 18.610000 0.192700
18.310000 20.580000 0.186000
19.890000 20.260000 0.180200
12.880000 18.220000 0.170900
12.750000 16.700000 0.212000
9.295000 13.900000 0.219700
24.630000 21.600000 0.199100
11.260000 19.830000 0.163700
13.710000 18.680000 0.171400
9.847000 15.680000 0.138700
8.571000 13.100000 0.167800
13.460000 18.750000 0.172300
12.340000 12.270000 0.168900
13.940000 13.170000 0.197600
12.070000 13.440000 0.165700
11.750000 17.560000 0.159800
11.670000 20.020000 0.185900
13.680000 16.330000 0.163100
20.470000 20.670000 0.216600
10.960000 17.620000 0.161900
20.550000 20.860000 0.212700
14.270000 22.550000 0.192600
11.690000 24.440000 0.213100
7.729000 25.490000 0.187000
7.691000 25.440000 0.203700
11.540000 14.440000 0.181800
14.470000 24.990000 0.187200
14.740000 25.420000 0.184000
13.210000 28.060000 0.162800
13.870000 20.700000 0.162000
13.620000 23.230000 0.166400
10.320000 16.350000 0.188500
10.260000 16.580000 0.166900
9.683000 19.340000 0.158000
10.820000 24.210000 0.197600
10.860000 21.480000 0.166100
11.130000 22.440000 0.203000
12.770000 29.430000 0.153900
9.333000 21.940000 0.169200
12.880000 28.920000 0.156600
10.290000 27.610000 0.159300
10.160000 19.590000 0.179100
9.423000 27.880000 0.174200
14.590000 22.680000 0.145400
11.510000 23.930000 0.138800
14.050000 27.150000 0.153700
11.200000 29.370000 0.106000
15.220000 30.620000 0.212800
20.920000 25.090000 0.214900
21.560000 22.390000 0.172600
20.130000 28.250000 0.175200
16.600000 28.080000 0.159000
20.600000 29.330000 0.239700
7.760000 24.540000 0.158700
